# Created by Octave 4.2.2, Mon Feb 04 18:11:09 2019 UTC <jovyan@a02f62624b11>
# name: model
# type: scalar struct
# ndims: 2
 1 1
# length: 20
# name: OCV0
# type: matrix
# rows: 1
# columns: 201
 3.030836689472196 3.169961765077647 3.246546136722454 3.304624710881497 3.351788318260179 3.392079858375642 3.427542809259539 3.459308933086329 3.48845834377828 3.515064718849477 3.539415282503497 3.56229005089512 3.583476801397727 3.603453713617947 3.622046674144973 3.639452939947117 3.655552081295931 3.670258427471886 3.682837229269422 3.692566357962985 3.699343565043186 3.704214921933865 3.708640806682776 3.712516478167002 3.716764502430098 3.720760804422888 3.72459036631361 3.728521139648887 3.732625556640022 3.736797880316326 3.740858058131411 3.745042931709435 3.749371514208518 3.753605033454966 3.758085549384994 3.762535128126995 3.766867132242773 3.771297413543564 3.77568299945893 3.780108995521102 3.78432597237866 3.788666672457941 3.792829735902654 3.796991491757384 3.801026468862268 3.804869016714674 3.808591606520827 3.812342903266781 3.815783741469219 3.81901029060391 3.822462649680749 3.825652705413007 3.828784929088853 3.831828462512594 3.83504605065465 3.8381715299483 3.841209266373306 3.844270451045133 3.847455054615506 3.850485272275481 3.853382580865354 3.856333751427004 3.85903736950342 3.861832940786382 3.864269094730055 3.866684092699114 3.868849604642005 3.870750625794967 3.872601511668613 3.874198734930453 3.875903545797708 3.877426603098015 3.878886234941777 3.880137784822974 3.881729555551868 3.882985173800874 3.884451394677357 3.885888418745554 3.887189066206249 3.888654837074608 3.890349000186788 3.891773082963854 3.893450148828022 3.894923243074664 3.896568041582614 3.898148312739866 3.899708000886823 3.901382685028944 3.903259198690997 3.904660355664011 3.906507152263128 3.90818394205928 3.909917265956043 3.911788693146466 3.913530483504351 3.915357172902234 3.917229430872048 3.919020775372271 3.920947737641486 3.92272669049051 3.924802107277779 3.926658988611658 3.928551631244436 3.930494259311822 3.932338228640996 3.934138088074443 3.935867874069019 3.937818783018235 3.93970352375448 3.941412178355832 3.943377388464963 3.945247816104685 3.947055121965991 3.948895969319864 3.950728131179928 3.952687861497738 3.954374835456365 3.956140432170045 3.958138020027797 3.959887372762663 3.961801458191638 3.963330949225218 3.965135984654085 3.966889050192 3.968475263030942 3.970322272578731 3.971897644602017 3.973578901386172 3.975075685808416 3.976663083636288 3.978340049908935 3.979727572152326 3.981347199199541 3.982824528384285 3.984342407500325 3.98579080664983 3.987120956248151 3.988481864792482 3.990051691191573 3.991409610070805 3.992722792722426 3.994052667199696 3.99553040552875 3.99686295933407 3.998260423320517 3.999590856131321 4.001187701245878 4.002587567501942 4.004108312232977 4.005643789136642 4.007335799624784 4.00874100440808 4.010496648025219 4.012298947154799 4.014039046221988 4.015782586324894 4.017772618378078 4.019713518764206 4.021814197470903 4.024054117572805 4.026341321876815 4.028449660433382 4.030748211610907 4.032872527104055 4.035199790750515 4.037147246037291 4.039200595027868 4.041190051705816 4.043112519588017 4.044856292774197 4.046872767005808 4.048566552291055 4.050282820643486 4.051887907807582 4.053671155018266 4.055408885560165 4.057150827080005 4.058917078496733 4.060580665580823 4.062559847842178 4.064433558621604 4.06646437679668 4.068289781142516 4.070404461175014 4.072601805410285 4.074724436597569 4.076952263650583 4.079523885689959 4.08211497603818 4.084945176549406 4.087857603610774 4.091089752714136 4.094412579238985 4.098087034973292 4.10213358582538 4.10639223642507 4.111141478623015 4.116569685264754 4.122766057243014 4.130285422328519 4.144807577133176


# name: OCVrel
# type: matrix
# rows: 1
# columns: 201
 -0.0004203629493713032 -0.0005783391026064987 -0.0005482126331611386 -0.0005320503762555926 -0.0005138554684612915 -0.0004956873205226344 -0.0004876432509413714 -0.0004709209859506418 -0.0004619284515836195 -0.0004485749925112358 -0.0004303452917946651 -0.0004158647899307154 -0.0004035032757360672 -0.0003926085064518378 -0.0003811496995352971 -0.0003691363465909111 -0.0003481561278305072 -0.0003241845159195991 -0.0002802290929736813 -0.0002019326622334465 -0.0001107449267268941 -3.790847573765372e-05 7.348204166651048e-08 1.982493443641819e-05 1.890285310324234e-05 1.527781699724654e-05 1.349248684771598e-05 9.235424202617249e-06 -1.462455864409746e-06 -1.453113656187792e-05 -2.473660102292816e-05 -3.534300950586579e-05 -4.357615098402996e-05 -4.954436070469951e-05 -5.595694182668391e-05 -5.714052509852175e-05 -5.586284666087326e-05 -5.237102489256239e-05 -5.220249064448205e-05 -5.100662812996354e-05 -4.600700722849172e-05 -4.3921058848726e-05 -4.170873765826741e-05 -3.799653197804252e-05 -3.528833783289631e-05 -2.963585228266923e-05 -1.934872102653938e-05 -1.766547995781084e-05 -1.104816369800213e-05 -6.290333469478786e-06 -6.437296827540309e-06 -8.990823384667016e-06 -5.974764805329978e-06 -4.62198779734926e-06 -8.456268885981365e-06 -3.553105806264644e-06 1.211057797841447e-06 3.232709573943082e-06 4.659759256327717e-06 6.060475767885682e-06 1.06741421249725e-05 1.277406689781254e-05 1.583222406310861e-05 1.58226143080902e-05 1.773563965350239e-05 1.672972631453185e-05 2.204220146089341e-05 3.244555246293456e-05 4.536713109433999e-05 6.366315475195e-05 7.657838166909077e-05 9.787377790862986e-05 0.000118072210378981 0.0001450527339084541 0.0001590539640336436 0.0001786151155425804 0.0001929519447210327 0.0002037458708093398 0.0002158874721571568 0.0002173894492546367 0.0002140802592555234 0.0002173688013931463 0.0002106804886045223 0.0002167914723105073 0.0002108071416654823 0.0002068927750310655 0.0002098894489718271 0.0002064803665690604 0.0001974778323616955 0.0002018782051713917 0.0001959914615167019 0.000193299624131949 0.0001892252959003712 0.0001830157559850239 0.0001810303751376892 0.0001790580268125204 0.0001726302442335687 0.0001697395544924682 0.000168470860940041 0.0001656735838350954 0.0001587616135695696 0.0001583105482465969 0.0001607687307868683 0.0001592748913171498 0.0001636542370719233 0.0001656468546509848 0.0001710090062293322 0.0001729608720402813 0.0001740591865933255 0.0001847920083153727 0.0001854575365144241 0.0001884979284049325 0.0001935405600570864 0.0002019671216347925 0.0002086518100999233 0.0002102033105023057 0.0002213277423548313 0.0002269347985682945 0.0002290225277951665 0.0002359808380382739 0.0002373937228970263 0.0002514163775869327 0.0002556691839309394 0.0002595825076242915 0.0002717561102861297 0.0002714281413544072 0.000280338423121521 0.0002821595634867881 0.0002936983066625561 0.0002946903827346676 0.0002963684800755954 0.0003058523811542491 0.0003055477307257717 0.00031012456407565 0.0003089101412488882 0.0003109102079985934 0.0003171368794770799 0.0003199661100291788 0.0003177819330097126 0.0003197148953633416 0.0003236332110078603 0.000324670146330631 0.000321258389806546 0.0003250906359607233 0.0003257563178028704 0.0003292994874854826 0.0003230221147628428 0.000329687741218402 0.0003313350771147605 0.0003343668638104913 0.0003341903133026104 0.0003482445164765586 0.0003536199694961852 0.00037064561271708 0.000387424759796793 0.0004127126011074544 0.0004329800023132124 0.0004580816457035275 0.0004753161267108532 0.0004887109690373024 0.0004902298112859219 0.0004969970342553607 0.0004907325029984244 0.00048541302401405 0.0004700313990741216 0.0004642250387850839 0.0004535943665710161 0.0004429476897351866 0.0004323611940512278 0.0004268700284725597 0.0004125349787958534 0.0004041444068790324 0.0003995006371030998 0.0003953617896419367 0.0003919039898067644 0.0003880941987257832 0.0003844935935138284 0.0003808907193317404 0.0003819443874818669 0.0003757257480448266 0.000377689116895975 0.0003712632929778804 0.0003754017615423245 0.0003719612145040978 0.0003721404974193012 0.0003766230107390574 0.0003797130824694399 